1 0
2 22
3 41
4 58
5 75
6 93
7 111
8 130
9 153
10 174
11 193
12 217
13 237
14 262
15 304
16 328
17 352
18 370
19 390
20 429
21 455
22 483
23 504
24 534
25 562
26 580
27 599
28 616
29 639
30 657
31 677
32 702
33 726
34 754
35 777
36 805
37 828
38 856
39 881
40 899
41 923
42 943
43 961
44 983
45 1006
46 1026
47 1056
48 1071
49 1091
50 1114
51 1134
52 1160
53 1185
54 1211
55 1236
56 1260
57 1285
58 1305
59 1328
60 1352
61 1374
62 1397
63 1418
64 1442
65 1465
66 1493
67 1518
68 1542
69 1564
70 1585
71 1609
72 1633
73 1658
74 1680
75 1710
76 1730
77 1752
78 1773
79 1793
80 1815
81 1842
82 1864
83 1886
84 1911
85 1938
86 1963
87 1991
88 2015
89 2043
90 2069
91 2089
92 2111
93 2134
94 2155
95 2176
96 2197
97 2219
98 2243
99 2265
